isodatetime	laeq1s	exclude	bull	truck	sound	soundpath	laf1	laf5	laf10	laf50	laf90	laf95	laf99
2021-11-16 08:56:07	35.91	1.0			1	SR0.wav							
2021-11-16 08:56:08	36.99	1.0			1		39.8	39.3	38.8	35.8	34.23	34.11	34.02
2021-11-16 08:56:09	39.65				1		45.4	44.4	43.4	38.65	35.4	34.8	34.2
2021-11-16 08:56:10	34.01				1		34.73	34.56	34.47	33.87	33.5	33.45	33.41
2021-11-16 08:56:11	34.62				1		35.73	35.52	35.3	34.53	34.16	34.08	34.01
2021-11-16 08:56:12	34.74				1		35.38	35.32	35.24	34.77	34.1	34.04	33.9
2021-11-16 08:56:13	34.98				1		35.78	35.7	35.61	34.86	34.35	34.27	34.21
2021-11-16 08:56:14	34.98				1		35.93	35.75	35.62	34.77	34.32	34.26	34.21
2021-11-16 08:56:15	35.79				1		36.19	36.15	36.1	35.81	35.5	35.45	35.41
2021-11-16 08:56:16	34.9				1		35.6	35.4	35.35	35.01	34.41	34.31	34.22
2021-11-16 08:56:17	34.67				1		35.73	35.53	35.38	34.72	34.2	34.08	34.0
2021-11-16 08:56:18	33.84				1		34.96	34.83	34.75	33.91	33.24	33.2	33.04
2021-11-16 08:56:19	34.81				1		38.8	38.0	36.8	33.95	33.6	33.3	33.06
2021-11-16 08:56:20	37.24				1		42.2	41.0	40.6	35.0	33.38	33.29	33.21
2021-11-16 08:56:21	34.2				1		34.75	34.58	34.52	34.14	33.89	33.84	33.8
2021-11-16 08:56:22	34.96				1		35.58	35.5	35.41	34.87	34.24	34.2	34.05
2021-11-16 08:56:23	37.07				1		41.2	40.6	39.6	35.89	35.46	35.42	35.3
2021-11-16 08:56:24	36.06				1		37.2	37.0	36.78	35.74	34.97	34.85	34.66
2021-11-16 08:56:25	37.4				1		40.1	39.6	38.8	36.86	36.41	36.31	36.22
2021-11-16 08:56:26	38.62				1		40.9	40.4	39.85	37.9	36.62	36.44	36.25
2021-11-16 08:56:27	38.99				1		40.7	40.45	40.15	38.71	37.91	37.83	37.66
2021-11-16 08:56:28	38.8				1		39.73	39.5	39.28	38.78	38.2	38.08	38.0
2021-11-16 08:56:29	39.41				1		41.33	40.8	40.2	39.29	38.92	38.82	38.65
2021-11-16 08:56:30	39.36				1		40.7	40.48	40.2	39.18	38.71	38.65	38.6
2021-11-16 08:56:31	37.95				1		38.78	38.74	38.69	38.33	37.12	37.02	36.85
2021-11-16 08:56:32	37.7				1		38.16	38.03	37.96	37.61	36.98	36.88	36.8
2021-11-16 08:56:33	37.35				1		38.75	38.58	38.53	37.4	36.3	36.23	36.1
2021-11-16 08:56:34	36.25				1		37.36	37.23	36.98	36.37	35.6	35.4	35.2
2021-11-16 08:56:35	35.29				1		35.97	35.85	35.57	35.25	34.89	34.81	34.65
2021-11-16 08:56:36	36.27				1		37.8	37.73	37.65	36.1	34.53	34.42	34.25
2021-11-16 08:56:37	37.17				1		38.93	38.6	38.0	36.72	35.66	35.52	35.42
2021-11-16 08:56:38	36.92				1		39.73	39.5	39.0	36.75	35.56	35.4	35.24
2021-11-16 08:56:39	36.92				1		39.16	39.0	38.68	37.14	34.75	34.4	33.9
2021-11-16 08:56:40	33.72				1		34.96	34.83	34.68	33.67	32.7	32.62	32.46
2021-11-16 08:56:41	31.37				1		33.96	33.83	33.6	31.18	30.47	30.4	30.24
2021-11-16 08:56:42	30.69				1		32.16	32.03	31.84	30.85	29.73	29.66	29.6
2021-11-16 08:56:43	30.06				1		31.73	31.5	31.28	29.72	29.14	29.05	28.9
2021-11-16 08:56:44	32.76				1		37.4	36.4	35.3	31.85	30.29	30.2	30.04
2021-11-16 08:56:45	30.46				1		31.95	31.75	31.46	30.25	29.69	29.61	29.45
2021-11-16 08:56:46	31.53				1		32.7	32.4	32.3	31.6	31.06	31.02	31.0
2021-11-16 08:56:47	31.06				1		32.8	32.2	31.6	30.66	29.9	29.81	29.6
2021-11-16 08:56:48	32.79				1		34.53	34.33	34.13	32.93	31.44	31.2	31.0
2021-11-16 08:56:49	33.74				1		36.16	36.0	35.71	31.83	31.0	30.9	30.82
2021-11-16 08:56:50	36.18				1		39.4	38.8	37.6	35.6	34.47	34.2	33.6
2021-11-16 08:56:51	33.36				1		37.2	36.5	36.05	34.06	32.14	32.0	31.7
2021-11-16 08:56:52	37.88				1		41.15	40.93	40.65	34.7	32.33	32.0	31.84
2021-11-16 08:56:53	34.85				1		40.1	39.5	38.8	35.28	33.55	33.26	33.05
2021-11-16 08:56:54	33.42				1		35.95	35.6	35.2	32.44	31.25	31.11	31.0
2021-11-16 08:56:55	30.28				1		34.3	33.6	32.9	30.56	29.54	29.47	29.41
2021-11-16 08:56:56	29.12				1		29.97	29.85	29.77	29.25	28.54	28.47	28.41
2021-11-16 08:56:57	29.32				1		30.17	30.05	29.95	29.41	28.6	28.5	28.42
2021-11-16 08:56:58	29.8				1		30.37	30.28	30.19	29.52	29.21	29.0	28.66
2021-11-16 08:56:59	29.4				1		29.97	29.87	29.78	29.4	29.18	29.09	29.01
2021-11-16 08:57:00	29.99				1		31.1	30.92	30.8	29.85	29.45	29.4	29.25
2021-11-16 08:57:01	29.11				1		29.75	29.57	29.45	29.14	28.9	28.84	28.7
2021-11-16 08:57:02	29.15				1		29.56	29.43	29.37	29.1	28.86	28.83	28.8
2021-11-16 08:57:03	29.01				1		29.58	29.53	29.46	29.13	28.73	28.66	28.61
2021-11-16 08:57:04	28.29				1		28.9	28.73	28.62	28.28	28.03	28.0	27.84
2021-11-16 08:57:05	30.18				1		32.16	32.0	31.9	28.57	28.24	28.2	28.05
2021-11-16 08:57:06	29.44				1		31.13	30.94	30.8	29.6	29.02	28.94	28.82
2021-11-16 08:57:07	30.52				1		30.97	30.88	30.79	30.44	29.82	29.6	29.1
2021-11-16 08:57:08	31.95				1		33.6	33.51	33.4	31.2	30.03	29.94	29.82
2021-11-16 08:57:09	32.49				1		33.35	33.13	32.91	32.37	31.92	31.83	31.66
2021-11-16 08:57:10	32.36				1		32.97	32.87	32.76	32.41	32.1	32.03	31.86
2021-11-16 08:57:11	33.82				1		34.8	34.64	34.52	33.42	32.88	32.82	32.6
2021-11-16 08:57:12	34.43				1		35.1	34.95	34.86	34.5	34.12	34.03	33.86
2021-11-16 08:57:13	33.78				1		34.33	34.18	34.13	33.76	33.45	33.41	33.26
2021-11-16 08:57:14	35.06				1		35.9	35.72	35.6	34.91	34.32	34.13	34.0
2021-11-16 08:57:15	34.5				1		35.2	34.97	34.85	34.42	34.11	34.05	34.0
2021-11-16 08:57:16	35.44				1		37.3	37.05	36.56	34.98	34.4	34.3	34.22
2021-11-16 08:57:17	35.77				1		36.5	36.34	36.25	35.67	35.27	35.22	35.06
2021-11-16 08:57:18	35.24				1		36.6	36.52	36.42	35.13	34.45	34.4	34.2
2021-11-16 08:57:19	36.8				1		38.8	38.6	38.2	36.05	34.72	34.6	34.44
2021-11-16 08:57:20	39.27				1		40.7	40.45	40.26	39.04	37.7	37.46	37.26
2021-11-16 08:57:21	39.57				1		41.7	41.3	40.76	39.36	37.1	36.9	36.5
2021-11-16 08:57:22	40.06				1		41.8	41.37	41.22	40.27	38.9	38.68	38.46
2021-11-16 08:57:23	38.15				1		40.93	40.7	40.2	38.11	36.8	36.4	36.06
2021-11-16 08:57:24	38.63				1		41.2	40.6	40.4	38.24	36.8	36.5	36.3
2021-11-16 08:57:25	37.21				1		38.6	38.35	38.22	37.58	35.84	35.46	35.1
2021-11-16 08:57:26	36.33				1		39.5	39.0	38.4	35.86	34.45	34.32	34.22
2021-11-16 08:57:27	34.28				1		35.38	35.31	35.23	34.38	33.65	33.54	33.42
2021-11-16 08:57:28	35.76				1		36.56	36.43	36.31	35.75	35.0	34.4	33.84
2021-11-16 08:57:29	34.53				1		35.16	35.0	34.93	34.58	34.2	34.07	33.9
2021-11-16 08:57:30	35.1				1		35.73	35.57	35.52	34.94	34.49	34.43	34.3
2021-11-16 08:57:31	34.55				1		35.96	35.83	35.57	34.77	33.8	33.7	33.62
2021-11-16 08:57:32	33.27				1		33.78	33.74	33.68	33.34	33.02	32.94	32.82
2021-11-16 08:57:33	33.22				1		33.57	33.48	33.39	33.2	33.03	33.01	32.9
2021-11-16 08:57:34	35.14				1		36.17	36.05	35.66	34.75	34.01	33.84	33.26
2021-11-16 08:57:35	35.51				1		36.77	36.65	36.5	35.24	34.86	34.82	34.7
2021-11-16 08:57:36	36.33	1.0			1		36.98	36.92	36.85	36.42	35.31	35.25	35.21
2021-11-16 08:57:37	35.75	1.0			1		36.18	36.11	36.03	35.8	35.49	35.42	35.26
2021-11-16 08:57:38	37.42				1		38.2	38.15	38.1	37.0	36.03	35.9	35.8
2021-11-16 08:57:39	37.54		1.0		1		38.6	38.37	38.25	37.3	36.9	36.85	36.81
2021-11-16 08:57:40	39.25		1.0		1		39.9	39.73	39.62	39.13	38.46	38.36	38.23
2021-11-16 08:57:41	38.61		1.0		1		39.96	39.83	39.66	38.69	37.91	37.85	37.8
2021-11-16 08:57:42	39.81		1.0		1		40.2	40.15	40.08	39.68	39.25	39.14	39.02
2021-11-16 08:57:43	38.29		1.0		1		40.0	39.73	39.55	38.3	37.78	37.69	37.61
2021-11-16 08:57:44	37.46		1.0		1		38.3	38.16	38.1	37.52	37.02	36.92	36.82
2021-11-16 08:57:45	37.77		1.0		1		38.95	38.7	38.37	37.81	36.73	36.62	36.45
2021-11-16 08:57:46	38.65		1.0		1		39.2	39.12	39.03	38.44	38.0	37.88	37.8
2021-11-16 08:57:47	36.39		1.0		1		38.93	38.55	38.26	36.35	35.84	35.8	35.64
2021-11-16 08:57:48	36.86		1.0		1		41.2	40.4	39.4	35.5	34.97	34.82	34.65
2021-11-16 08:57:49	34.89		1.0		1		39.2	38.4	37.6	35.26	34.44	34.36	34.23
2021-11-16 08:57:50	35.01		1.0		1		35.58	35.52	35.44	34.92	34.57	34.42	34.25
2021-11-16 08:57:51	35.31				1		35.77	35.68	35.59	35.28	34.97	34.86	34.7
2021-11-16 08:57:52	34.99				1		35.55	35.38	35.32	35.0	34.73	34.66	34.61
2021-11-16 08:57:53	35.58				1		36.53	36.35	36.24	35.63	35.0	34.87	34.7
2021-11-16 08:57:54	35.81				1		36.7	36.48	36.31	35.57	34.91	34.8	34.64
2021-11-16 08:57:55	36.59				1		37.17	37.07	36.98	36.66	36.04	35.92	35.82
2021-11-16 08:57:56	37.57				1		38.38	38.3	38.2	37.57	35.98	35.88	35.8
2021-11-16 08:57:57	36.23				1		37.76	37.63	37.48	36.28	35.57	35.42	35.25
2021-11-16 08:57:58	34.89				1		35.9	35.65	35.51	34.94	34.45	34.35	34.1
2021-11-16 08:57:59	35.2				1		35.76	35.6	35.35	35.05	34.83	34.8	34.65
2021-11-16 08:58:00	34.77				1		35.96	35.8	35.74	35.25	33.57	33.45	33.26
2021-11-16 08:58:01	33.17				1		33.77	33.68	33.58	33.25	32.86	32.76	32.63
2021-11-16 08:58:02	32.69				1		33.1	32.97	32.93	32.69	32.43	32.4	32.24
2021-11-16 08:58:03	32.2				1		33.4	33.24	33.12	32.33	31.58	31.48	31.4
2021-11-16 08:58:04	32.05				1		32.5	32.36	32.31	31.93	31.63	31.6	31.44
2021-11-16 08:58:05	32.32				1		32.9	32.77	32.74	32.36	31.8	31.71	31.62
2021-11-16 08:58:06	33.5				1		37.3	36.8	35.8	32.56	31.1	31.02	30.86
2021-11-16 08:58:07	30.63				1		31.35	31.15	30.95	30.58	30.3	30.24	30.1
2021-11-16 08:58:08	31.06				1		32.73	32.5	32.25	30.94	30.36	30.26	30.1
2021-11-16 08:58:09	29.52				1		30.2	30.15	30.09	29.67	29.1	29.05	29.01
2021-11-16 08:58:10	31.31				1		35.13	34.8	33.6	30.2	28.8	28.68	28.6
2021-11-16 08:58:11	28.83				1		30.3	29.6	29.25	28.45	27.82	27.74	27.62
2021-11-16 08:58:12	30.83				1		32.4	31.16	30.98	30.63	29.7	29.61	29.45
2021-11-16 08:58:13	34.53				1		37.8	37.0	36.51	33.85	32.06	31.75	31.5
2021-11-16 08:58:14	33.84				1		34.97	34.88	34.73	33.92	33.2	32.7	32.46
2021-11-16 08:58:15	33.95				1		35.95	35.73	35.48	34.06	31.6	31.4	31.1
2021-11-16 08:58:16	31.81				1		34.8	34.52	34.32	31.73	29.37	29.25	28.9
2021-11-16 08:58:17	28.16				1		29.2	29.11	29.0	28.42	27.48	27.36	27.23
2021-11-16 08:58:18	28.38				1		30.8	28.65	28.46	27.67	27.33	27.25	27.1
2021-11-16 08:58:19	30.82				1		33.7	33.33	32.97	30.8	28.05	27.88	27.66
2021-11-16 08:58:20	27.41				1		27.8	27.75	27.7	27.41	27.13	27.06	27.01
2021-11-16 08:58:21	28.24				1		29.3	28.93	28.6	28.17	27.58	27.49	27.41
2021-11-16 08:58:22	28.0				1		28.5	28.37	28.32	28.07	27.81	27.68	27.46
2021-11-16 08:58:23	30.5				1		32.3	31.96	31.77	30.08	28.0	27.76	27.6
2021-11-16 08:58:24	28.29				1		31.13	30.9	30.65	28.1	27.31	27.23	27.06
2021-11-16 08:58:25	27.84				1		29.2	29.06	28.95	27.7	27.06	27.01	26.7
2021-11-16 08:58:26	28.03				1		28.75	28.58	28.5	27.93	27.0	26.8	26.64
2021-11-16 08:58:27	29.17				1		31.37	31.25	31.05	28.66	27.87	27.66	27.4
2021-11-16 08:58:28	32.6				1		34.76	34.6	34.33	32.48	27.35	27.24	27.06
2021-11-16 08:58:29	29.09				1		31.6	30.96	30.75	29.36	28.02	27.84	27.65
2021-11-16 08:58:30	28.34				1		30.35	30.1	29.84	28.5	27.6	27.5	27.42
2021-11-16 08:58:31	31.39				1		34.7	34.3	33.8	30.6	27.12	27.06	27.01
2021-11-16 08:58:32	28.4				1		31.6	31.0	30.2	29.0	27.82	27.71	27.62
2021-11-16 08:58:33	27.56				1		28.3	28.11	27.98	27.52	27.23	27.2	27.05
2021-11-16 08:58:34	32.12				1		34.7	34.4	34.23	32.26	27.53	27.46	27.41
2021-11-16 08:58:35	28.04				1		32.1	31.4	30.6	28.35	27.69	27.64	27.6
2021-11-16 08:58:36	29.18				1		30.1	29.88	29.6	29.2	28.12	28.0	27.5
2021-11-16 08:58:37	28.87				1		29.6	29.46	29.28	28.73	28.44	28.4	28.25
2021-11-16 08:58:38	35.57				1		39.6	39.06	38.65	31.3	29.61	29.51	29.42
2021-11-16 08:58:39	33.36				1		39.0	38.5	38.0	32.32	31.2	30.95	30.7
2021-11-16 08:58:40	34.63				1		38.0	37.6	36.9	32.59	31.6	31.34	31.22
2021-11-16 08:58:41	33.26				1		38.6	38.2	37.4	32.1	31.26	31.22	31.1
2021-11-16 08:58:42	33.45				1		37.6	37.0	36.2	31.93	31.36	31.28	31.21
2021-11-16 08:58:43	32.2				1		32.75	32.58	32.52	32.22	32.03	32.0	31.86
2021-11-16 08:58:44	32.29				1		32.76	32.6	32.53	32.16	31.95	31.87	31.81
2021-11-16 08:58:45	35.67				1		38.35	38.16	37.96	35.3	32.27	32.22	32.06
2021-11-16 08:58:46	32.46				1		35.2	34.6	34.0	32.52	32.13	32.06	32.01
2021-11-16 08:58:47	33.16				1		33.97	33.87	33.77	33.14	32.08	32.02	31.86
2021-11-16 08:58:48	35.02				1		36.55	36.3	36.1	35.13	33.06	32.94	32.82
2021-11-16 08:58:49	33.49				1		34.2	34.08	33.98	33.75	33.0	32.85	32.66
2021-11-16 08:58:50	32.92				1		33.77	33.65	33.55	32.8	32.47	32.43	32.4
2021-11-16 08:58:51	34.95				1		38.5	37.9	37.0	34.0	32.1	32.03	31.9
2021-11-16 08:58:52	33.94				1		35.8	35.1	34.88	34.3	33.28	33.13	32.86
2021-11-16 08:58:53	34.34				1		38.9	38.2	37.4	33.2	31.7	31.44	31.25
2021-11-16 08:58:54	31.87				1		34.3	33.8	33.06	31.8	31.02	30.86	30.6
2021-11-16 08:58:55	32.69				1		35.93	35.6	34.8	31.37	30.85	30.8	30.65
2021-11-16 08:58:56	33.01				1		35.0	34.84	34.66	33.2	31.04	30.86	30.66
2021-11-16 08:58:57	33.02				1		37.7	37.2	36.2	30.86	30.6	30.5	30.42
2021-11-16 08:58:58	31.31				1		36.0	35.2	34.2	31.66	31.15	31.07	31.01
2021-11-16 08:58:59	33.97				1		36.8	36.2	35.56	31.9	31.3	31.22	31.06
2021-11-16 08:59:00	35.6				1		36.53	36.33	36.18	35.55	35.0	34.8	34.2
2021-11-16 08:59:01	32.81				1		34.8	34.4	34.05	32.94	32.64	32.56	32.43
2021-11-16 08:59:02	35.02				1		36.93	36.7	36.4	34.5	33.11	32.96	32.8
2021-11-16 08:59:03	34.78		1.0		1		35.37	35.27	35.17	34.84	34.48	34.43	34.3
2021-11-16 08:59:04	36.61		1.0		1		39.2	38.93	38.53	35.96	34.67	34.61	34.45
2021-11-16 08:59:05	36.25		1.0		1		37.5	37.34	37.24	35.55	35.01	34.9	34.8
2021-11-16 08:59:06	38.66		1.0		1		41.0	40.7	40.4	38.56	36.96	36.86	36.7
2021-11-16 08:59:07	35.04		1.0		1		36.5	36.2	35.76	35.17	34.9	34.85	34.81
2021-11-16 08:59:08	35.77		1.0		1		37.73	37.5	37.13	35.18	34.91	34.85	34.81
2021-11-16 08:59:09	35.89		1.0		1		37.56	37.43	37.26	35.78	35.28	34.96	34.83
2021-11-16 08:59:10	34.37		1.0		1		34.93	34.78	34.73	34.38	34.1	34.04	34.0
2021-11-16 08:59:11	34.31		1.0		1		35.37	35.25	35.13	34.48	33.58	33.48	33.4
2021-11-16 08:59:12	33.45		1.0		1		34.16	34.0	33.95	33.45	33.08	33.04	33.0
2021-11-16 08:59:13	36.0		1.0		1		39.6	39.1	38.0	34.91	33.94	33.8	33.2
2021-11-16 08:59:14	33.45				1		35.4	34.8	34.45	33.29	32.86	32.81	32.66
2021-11-16 08:59:15	35.82				1		37.96	37.8	37.3	34.5	33.85	33.71	33.62
2021-11-16 08:59:16	34.06				1		36.13	35.86	35.3	34.21	33.36	33.28	33.21
2021-11-16 08:59:17	33.83				1		34.4	34.35	34.3	33.95	33.62	33.54	33.42
2021-11-16 08:59:18	34.63				1		35.53	35.33	34.9	34.36	33.64	33.51	33.42
2021-11-16 08:59:19	39.3				1		43.1	42.66	42.0	35.72	35.06	35.01	34.86
2021-11-16 08:59:20	37.0				1		42.7	42.0	41.0	37.2	36.43	36.32	36.22
2021-11-16 08:59:21	35.76				1		36.58	36.51	36.43	35.96	35.2	35.1	35.02
2021-11-16 08:59:22	38.81				1		42.1	41.6	41.3	38.0	35.44	35.3	35.1
2021-11-16 08:59:23	37.76				1		43.3	41.0	35.32	34.65	33.93	33.86	33.81
2021-11-16 08:59:24	38.42				1		44.55	44.33	43.8	36.33	34.72	34.65	34.6
2021-11-16 08:59:25	38.01				1		41.5	40.8	40.3	37.44	35.12	35.0	34.7
2021-11-16 08:59:26	36.21			1.0	1		38.0	36.56	36.46	35.86	35.62	35.56	35.43
2021-11-16 08:59:27	42.0			1.0	1		45.1	44.5	43.9	42.05	38.7	38.2	37.8
2021-11-16 08:59:28	37.08			1.0	1		37.73	37.56	37.46	37.15	36.56	36.47	36.4
2021-11-16 08:59:29	44.78			1.0	1		47.5	47.28	47.0	44.36	37.6	37.33	37.2
2021-11-16 08:59:30	38.98			1.0	1		43.4	42.4	41.4	39.0	38.61	38.52	38.42
2021-11-16 08:59:31	39.87			1.0	1		40.97	40.85	40.68	39.91	39.34	39.27	39.21
2021-11-16 08:59:32	41.21			1.0	1		45.0	44.4	44.0	39.95	39.02	38.66	38.45
2021-11-16 08:59:33	38.48			1.0	1		39.77	39.68	39.58	38.5	37.69	37.6	37.44
2021-11-16 08:59:34	41.31			1.0	1		44.6	44.4	43.95	39.8	38.25	38.12	37.9
2021-11-16 08:59:35	41.28			1.0	1		44.2	43.66	43.06	39.6	38.28	38.16	38.03
2021-11-16 08:59:36	41.76			1.0	1		45.3	44.6	44.32	41.7	38.36	38.1	37.7
2021-11-16 08:59:37	40.51			1.0	1		43.75	43.5	43.06	39.7	38.22	37.93	37.8
2021-11-16 08:59:38	37.66			1.0	1		40.3	39.8	39.0	37.85	37.38	37.29	37.21
2021-11-16 08:59:39	39.88			1.0	1		43.6	43.0	42.35	38.09	37.8	37.65	37.46
2021-11-16 08:59:40	37.31			1.0	1		39.2	38.66	38.06	37.53	37.23	37.16	37.03
2021-11-16 08:59:41	37.43			1.0	1		38.4	38.31	38.2	37.67	36.34	36.24	36.06
2021-11-16 08:59:42	40.89			1.0	1		45.1	44.6	44.0	39.1	36.8	36.6	36.3
2021-11-16 08:59:43	36.39			1.0	1		38.4	38.1	37.8	36.25	35.7	35.64	35.6
2021-11-16 08:59:44	37.88			1.0	1		42.73	42.2	36.2	35.87	35.6	35.51	35.42
2021-11-16 08:59:45	39.25			1.0	1		44.7	44.1	43.6	38.2	34.0	33.65	33.2
2021-11-16 08:59:46	40.17			1.0	1		44.15	43.8	43.32	36.48	32.85	32.66	32.46
2021-11-16 08:59:47	35.57				1		43.5	42.8	42.0	34.1	31.87	31.8	31.64
2021-11-16 08:59:48	36.4				1		40.13	39.8	39.3	35.2	33.33	33.0	31.8
2021-11-16 08:59:49	36.86				1		38.8	38.6	38.2	36.12	32.86	32.76	32.63
2021-11-16 08:59:50	36.06				1		40.53	40.2	39.6	36.06	33.13	32.75	32.5
2021-11-16 08:59:51	36.67				1		39.93	39.66	39.2	36.42	33.0	32.6	32.4
2021-11-16 08:59:52	36.41				1		39.55	39.3	38.73	35.0	33.56	33.36	33.2
2021-11-16 08:59:53	36.37				1		39.0	38.8	38.48	36.67	35.2	34.96	34.83
2021-11-16 08:59:54	36.06				1		37.5	37.13	36.85	36.07	34.8	34.7	34.62
2021-11-16 08:59:55	32.97				1		37.2	36.97	36.82	32.6	30.8	30.71	30.62
2021-11-16 08:59:56	32.39				1		34.35	33.8	33.4	31.6	31.14	31.05	30.9
2021-11-16 08:59:57	30.01				1		34.1	33.6	33.0	30.14	29.2	29.1	29.02
2021-11-16 08:59:58	31.7				1		34.17	34.07	33.8	29.97	29.25	29.21	29.06
2021-11-16 08:59:59	32.45				1		34.1	33.6	33.2	32.42	31.6	31.45	31.26
2021-11-16 09:00:00	32.08				1		35.0	34.7	34.0	32.68	29.55	29.32	29.1
2021-11-16 09:00:01	30.66				1		33.1	32.76	32.6	30.06	29.08	29.03	28.9
2021-11-16 09:00:02	30.92				1		33.75	33.5	33.0	30.56	28.81	28.64	28.45
2021-11-16 09:00:03	30.19				1		32.35	32.17	32.02	29.89	29.13	29.06	29.0
2021-11-16 09:00:04	29.56				1		30.6	30.4	30.25	29.58	29.17	29.06	28.9
2021-11-16 09:00:05	32.87				1		34.56	34.43	34.1	32.28	30.62	30.4	28.8
2021-11-16 09:00:06	30.72				1		33.53	33.0	32.53	30.94	30.16	30.0	29.84
2021-11-16 09:00:07	31.27				1		32.93	32.74	32.6	31.45	29.4	29.13	28.86
2021-11-16 09:00:08	32.59				1		34.9	34.73	34.62	32.7	28.68	28.45	28.2
2021-11-16 09:00:09	31.55				1		33.2	33.12	33.03	30.89	30.26	30.2	30.04
2021-11-16 09:00:10	32.53				1		34.56	34.4	34.16	33.21	30.3	29.76	29.6
2021-11-16 09:00:11	31.7				1		33.8	33.7	33.56	30.88	29.62	29.51	29.42
2021-11-16 09:00:12	28.16				1		30.53	30.2	29.76	28.08	27.73	27.66	27.61
2021-11-16 09:00:13	29.18				1		30.3	29.9	29.76	29.06	27.8	27.68	27.6
2021-11-16 09:00:14	31.14				1		33.6	32.8	32.04	30.32	28.71	28.56	28.43
2021-11-16 09:00:15	30.0				1		33.9	33.6	33.4	29.1	28.13	27.96	27.83
2021-11-16 09:00:16	31.16				1		35.7	35.0	33.8	30.13	29.6	29.1	28.8
2021-11-16 09:00:17	31.05				1		33.7	33.3	33.0	29.62	28.92	28.7	28.46
2021-11-16 09:00:18	30.01				1		33.53	33.1	32.4	30.11	29.2	28.8	28.26
2021-11-16 09:00:19	28.22				1		29.75	29.5	29.13	28.25	27.51	27.4	27.0
2021-11-16 09:00:20	33.03				1		35.2	35.04	34.84	33.37	27.23	27.14	27.02
2021-11-16 09:00:21	31.39				1		33.75	33.53	33.25	31.25	30.15	29.6	29.4
2021-11-16 09:00:22	30.52				1		32.7	32.48	32.15	30.66	29.67	29.46	29.2
2021-11-16 09:00:23	33.11				1		35.35	35.16	35.0	33.4	29.52	29.4	29.24
2021-11-16 09:00:24	29.82				1		33.4	32.8	32.0	29.88	29.2	29.1	29.02
2021-11-16 09:00:25	29.63				1		31.0	30.53	30.34	29.46	28.48	28.36	28.23
2021-11-16 09:00:26	31.21		1.0		1		32.0	31.84	31.75	31.02	30.45	30.34	30.22
2021-11-16 09:00:27	33.06		1.0		1		35.1	34.7	34.3	33.08	31.47	31.33	31.2
2021-11-16 09:00:28	34.94		1.0		1		36.9	36.65	36.16	34.2	31.57	31.46	31.3
2021-11-16 09:00:29	35.32		1.0		1		37.4	37.16	36.95	35.64	33.89	33.8	33.64
2021-11-16 09:00:30	36.52		1.0		1		38.5	38.16	38.0	35.54	34.83	34.6	34.2
2021-11-16 09:00:31	38.33		1.0		1		40.8	40.4	39.6	37.6	35.68	35.26	35.0
2021-11-16 09:00:32	38.2		1.0		1		40.7	40.2	39.86	38.5	35.72	35.52	35.3
2021-11-16 09:00:33	38.3		1.0		1		40.5	40.28	40.08	38.0	37.28	37.15	36.8
2021-11-16 09:00:34	37.0		1.0		1		39.2	38.93	38.56	37.26	34.7	34.33	34.2
2021-11-16 09:00:35	41.53		1.0		1		47.4	46.2	41.0	37.4	35.8	35.65	35.3
2021-11-16 09:00:36	43.61		1.0		1		47.5	47.2	46.7	43.9	41.1	40.56	40.43
2021-11-16 09:00:37	38.69		1.0		1		41.2	40.8	40.5	38.66	36.8	36.4	35.8
2021-11-16 09:00:38	39.16		1.0		1		41.73	41.46	41.15	38.1	36.36	36.15	35.9
2021-11-16 09:00:39	42.96		1.0		1		45.4	45.0	44.85	42.58	40.46	40.24	40.0
2021-11-16 09:00:40	39.25		1.0		1		42.2	40.85	40.66	38.02	37.2	37.05	36.86
2021-11-16 09:00:41	43.17		1.0		1		48.3	47.65	44.0	39.92	39.02	38.86	38.66
2021-11-16 09:00:42	45.45		1.0		1		48.5	47.95	47.66	45.06	44.0	43.83	43.6
2021-11-16 09:00:43	46.32		1.0		1		49.15	48.6	47.95	46.12	45.0	44.66	44.45
2021-11-16 09:00:44	44.71		1.0		1		48.2	47.8	47.3	44.51	41.6	41.43	41.0
2021-11-16 09:00:45	46.9		1.0		1		51.0	49.74	49.6	44.26	42.5	42.13	41.66
2021-11-16 09:00:46	48.67		1.0		1		52.0	51.88	51.55	48.74	46.6	45.9	45.6
2021-11-16 09:00:47	49.67		1.0		1		51.9	51.4	51.06	48.97	48.03	47.84	47.0
2021-11-16 09:00:48	47.92		1.0		1		50.2	49.73	49.4	47.96	47.02	46.86	46.6
2021-11-16 09:00:49	44.62		1.0		1		49.3	49.0	48.6	43.2	42.53	42.35	42.1
2021-11-16 09:00:50	41.95		1.0		1		45.7	45.1	44.6	42.8	38.3	37.73	37.4
2021-11-16 09:00:51	40.57		1.0		1		44.1	43.6	43.3	38.76	36.66	36.53	36.4
2021-11-16 09:00:52	45.47		1.0		1		48.3	47.73	47.4	44.82	43.4	43.0	42.4
2021-11-16 09:00:53	45.03		1.0		1		47.55	47.36	47.15	45.06	42.56	42.36	42.2
2021-11-16 09:00:54	44.63		1.0		1		46.9	46.7	46.46	44.53	42.13	41.9	41.5
2021-11-16 09:00:55	41.45		1.0		1		45.5	45.2	44.55	40.46	39.46	39.3	39.1
2021-11-16 09:00:56	46.48		1.0		1		49.53	49.2	48.4	45.6	42.2	39.5	39.2
2021-11-16 09:00:57	43.14		1.0		1		48.4	48.05	47.6	42.85	42.1	41.9	41.6
2021-11-16 09:00:58	40.46		1.0		1		42.93	42.5	42.0	40.01	38.92	38.66	38.2
2021-11-16 09:00:59	44.11		1.0		1		46.4	46.13	45.9	42.32	41.31	41.16	41.0
2021-11-16 09:01:00	44.9		1.0		1		46.73	46.52	46.35	44.73	43.56	43.36	43.2
2021-11-16 09:01:01	46.02		1.0		1		48.4	48.12	47.96	45.76	43.84	43.64	43.3
2021-11-16 09:01:02	42.8		1.0		1		45.5	45.13	44.92	42.84	40.7	40.46	40.26
2021-11-16 09:01:03	42.88		1.0		1		44.6	44.13	43.78	42.56	41.5	40.6	40.2
2021-11-16 09:01:04	47.34		1.0		1		50.0	49.4	49.13	46.64	43.8	43.2	42.2
2021-11-16 09:01:05	46.37		1.0		1		48.8	48.46	48.3	46.5	44.08	43.86	43.6
2021-11-16 09:01:06	44.32		1.0		1		46.35	46.16	46.0	43.98	43.26	43.12	42.9
2021-11-16 09:01:07	44.11		1.0		1		46.8	46.55	46.26	44.06	41.02	40.8	40.46
2021-11-16 09:01:08	41.41		1.0		1		44.6	44.2	43.8	40.03	39.3	39.21	38.9
2021-11-16 09:01:09	44.57		1.0		1		45.7	45.5	45.35	44.57	43.7	43.5	43.26
2021-11-16 09:01:10	43.93		1.0		1		45.8	45.3	45.0	43.84	43.0	42.83	42.4
2021-11-16 09:01:11	44.23		1.0		1		46.6	46.16	46.0	43.86	42.71	42.63	42.46
2021-11-16 09:01:12	45.02		1.0		1		47.6	47.3	47.08	44.2	42.76	42.56	42.4
2021-11-16 09:01:13	44.18		1.0		1		46.6	46.4	45.8	44.13	41.91	41.6	41.44
2021-11-16 09:01:14	40.63		1.0		1		44.5	43.93	43.6	40.76	40.0	39.88	39.8
2021-11-16 09:01:15	43.12		1.0		1		45.55	45.35	45.1	42.11	40.0	39.83	39.65
2021-11-16 09:01:16	40.81		1.0		1		44.95	44.76	44.55	40.7	37.76	37.66	37.5
2021-11-16 09:01:17	40.65		1.0		1		43.5	43.25	42.6	39.68	37.76	37.66	37.5
2021-11-16 09:01:18	45.49		1.0		1		46.53	46.2	45.95	45.13	44.42	43.93	42.8
2021-11-16 09:01:19	42.06		1.0		1		45.7	45.2	44.0	42.25	41.57	41.46	41.3
2021-11-16 09:01:20	45.53		1.0		1		47.75	47.36	47.2	45.1	42.93	42.2	41.65
2021-11-16 09:01:21	43.77		1.0		1		49.33	48.8	47.8	41.22	40.3	40.1	39.86
2021-11-16 09:01:22	43.1		1.0		1		49.5	49.0	48.0	38.46	37.07	37.0	36.8
2021-11-16 09:01:23	40.02		1.0		1		44.6	43.4	42.56	39.7	38.72	38.53	38.4
2021-11-16 09:01:24	45.29		1.0		1		50.7	50.2	49.0	43.7	41.73	41.33	40.6
2021-11-16 09:01:25	42.25		1.0		1		45.95	45.75	45.0	40.73	40.08	39.86	39.4
2021-11-16 09:01:26	42.99		1.0		1		44.8	44.52	44.15	42.0	40.96	40.8	40.6
2021-11-16 09:01:27	44.3		1.0		1		48.8	48.4	47.4	43.85	41.75	41.4	41.05
2021-11-16 09:01:28	41.62		1.0		1		45.9	45.6	45.0	40.8	39.2	39.05	38.86
2021-11-16 09:01:29	42.13		1.0		1		47.0	46.6	45.6	39.92	38.67	38.62	38.4
2021-11-16 09:01:30	38.86		1.0		1		45.0	43.8	42.6	39.26	38.4	38.25	38.06
2021-11-16 09:01:31	42.62		1.0		1		47.4	46.9	46.2	41.0	39.74	39.65	39.5
2021-11-16 09:01:32	39.51		1.0		1		40.2	40.06	39.95	39.52	39.08	38.96	38.8
2021-11-16 09:01:33	41.45		1.0		1		43.0	42.84	42.4	41.46	39.41	39.2	39.04
2021-11-16 09:01:34	42.77		1.0		1		45.13	44.8	44.33	42.17	41.0	40.76	40.6
2021-11-16 09:01:35	43.07		1.0		1		44.9	44.57	44.42	43.44	41.28	41.13	41.0
2021-11-16 09:01:36	41.87		1.0		1		42.9	42.7	42.55	42.03	40.85	40.7	40.5
2021-11-16 09:01:37	42.86		1.0		1		43.8	43.6	43.38	42.8	42.07	41.8	41.4
2021-11-16 09:01:38	43.62		1.0		1		44.8	44.71	44.6	43.32	42.68	42.45	42.2
2021-11-16 09:01:39	44.28		1.0		1		46.35	46.1	45.7	44.62	43.0	42.0	41.2
2021-11-16 09:01:40	39.72		1.0		1		40.93	40.74	40.6	39.97	38.66	38.5	38.3
2021-11-16 09:01:41	40.52		1.0		1		41.38	41.31	41.23	40.55	39.82	39.66	39.46
2021-11-16 09:01:42	39.26		1.0		1		40.13	39.96	39.89	39.25	38.85	38.8	38.65
2021-11-16 09:01:43	39.55		1.0		1		40.36	40.2	40.12	39.48	38.81	38.68	38.4
2021-11-16 09:01:44	39.05		1.0		1		40.4	40.26	40.1	39.18	38.4	38.11	38.0
2021-11-16 09:01:45	37.38		1.0		1		38.6	38.12	37.97	37.5	36.33	36.16	36.0
2021-11-16 09:01:46	40.59		1.0		1		41.73	41.56	41.46	40.48	38.76	38.6	38.4
2021-11-16 09:01:47	44.99		1.0		1		46.9	46.2	45.6	44.58	42.0	41.0	40.66
2021-11-16 09:01:48	46.29		1.0		1		48.35	48.1	47.8	46.1	45.31	45.2	44.9
2021-11-16 09:01:49	44.35		1.0		1		47.2	46.9	46.53	44.1	42.73	42.56	42.4
2021-11-16 09:01:50	41.85		1.0		1		42.93	42.77	42.7	42.15	41.36	41.1	40.4
2021-11-16 09:01:51	37.94		1.0		1		40.2	40.08	39.86	38.03	37.15	36.93	36.8
2021-11-16 09:01:52	37.18		1.0		1		38.1	37.93	37.82	37.42	36.62	36.51	36.42
2021-11-16 09:01:53	36.85		1.0		1		37.37	37.28	37.18	36.79	36.49	36.43	36.3
2021-11-16 09:01:54	37.41		1.0		1		38.33	38.12	37.96	37.16	36.6	36.5	36.42
2021-11-16 09:01:55	37.84		1.0		1		39.16	39.03	38.92	37.95	37.01	36.88	36.7
2021-11-16 09:01:56	40.8		1.0		1		42.7	42.5	42.15	40.71	37.56	37.33	37.06
2021-11-16 09:01:57	39.65		1.0		1		40.95	40.77	40.66	39.4	38.66	38.52	38.3
2021-11-16 09:01:58	37.57		1.0		1		39.8	39.4	39.15	37.68	36.87	36.74	36.62
2021-11-16 09:01:59	35.73		1.0		1		37.2	37.0	36.76	35.63	35.3	35.25	35.21
2021-11-16 09:02:00	35.89		1.0		1		36.78	36.71	36.63	35.96	35.21	35.11	35.02
2021-11-16 09:02:01	35.9		1.0		1		36.97	36.85	36.5	35.66	35.21	35.05	34.85
2021-11-16 09:02:02	37.12		1.0		1		38.0	37.9	37.76	36.96	36.25	36.16	36.03
2021-11-16 09:02:03	38.28		1.0		1		39.75	39.57	39.42	38.12	37.34	37.24	37.06
2021-11-16 09:02:04	38.22		1.0		1		39.9	39.5	39.24	38.0	37.13	36.95	36.7
2021-11-16 09:02:05	36.67		1.0		1		37.9	37.6	37.5	36.96	36.05	35.75	35.5
2021-11-16 09:02:06	35.63		1.0		1		37.2	36.96	36.8	35.74	34.82	34.7	34.6
2021-11-16 09:02:07	33.91		1.0		1		34.78	34.72	34.65	34.27	33.0	32.83	32.65
2021-11-16 09:02:08	33.72		1.0		1		34.37	34.25	34.16	33.71	33.08	33.01	32.7
2021-11-16 09:02:09	33.14		1.0		1		34.16	34.0	33.55	33.08	32.85	32.82	32.8
2021-11-16 09:02:10	33.35				1		34.15	33.98	33.89	33.25	32.6	32.48	32.4
2021-11-16 09:02:11	35.18				1		37.4	36.6	36.36	35.17	33.47	33.36	33.23
2021-11-16 09:02:12	34.67				1		36.7	36.2	35.88	35.0	33.51	33.4	33.24
2021-11-16 09:02:13	33.39				1		34.55	34.38	34.32	33.47	32.42	32.31	32.22
2021-11-16 09:02:14	33.16				1		34.0	33.92	33.83	33.26	32.5	32.4	32.2
2021-11-16 09:02:15	32.19				1		33.3	33.11	32.97	32.08	31.26	31.16	31.03
2021-11-16 09:02:16	33.64				1		35.53	35.32	35.0	33.23	32.68	32.4	32.24
2021-11-16 09:02:17	32.73				1		33.6	33.1	32.96	32.53	32.09	32.02	31.86
2021-11-16 09:02:18	35.8				1		39.0	38.55	38.2	34.22	33.5	33.28	33.1
2021-11-16 09:02:19	35.52				1		38.6	38.2	37.4	35.8	34.7	34.5	34.0
2021-11-16 09:02:20	30.5				1		33.7	33.2	32.8	30.52	29.93	29.55	29.3
2021-11-16 09:02:21	29.5				1		30.3	30.15	30.08	29.55	29.05	28.93	28.66
2021-11-16 09:02:22	29.57				1		30.17	30.05	29.97	29.49	28.9	28.82	28.66
2021-11-16 09:02:23	30.55				1		33.3	32.8	32.4	30.06	29.27	29.21	29.05
2021-11-16 09:02:24	28.99				1		29.56	29.4	29.32	29.0	28.81	28.76	28.63
2021-11-16 09:02:25	29.61				1		30.77	30.68	30.56	29.35	28.8	28.71	28.62
2021-11-16 09:02:26	28.98				1		29.73	29.5	29.35	28.98	28.65	28.6	28.44
2021-11-16 09:02:27	29.38				1		30.17	30.08	29.98	29.12	28.69	28.6	28.4
2021-11-16 09:02:28	29.71				1		30.95	30.78	30.69	30.0	28.9	28.7	28.46
2021-11-16 09:02:29	32.18				1		35.1	34.5	34.13	30.28	29.0	28.48	28.26
2021-11-16 09:02:30	30.16				1		33.5	33.2	32.8	29.97	29.22	29.06	28.86
2021-11-16 09:02:31	29.77				1		30.7	30.53	30.42	29.86	29.25	29.08	28.86
2021-11-16 09:02:32	30.05				1		33.2	32.73	32.13	29.27	28.8	28.7	28.6
2021-11-16 09:02:33	28.98				1		30.53	30.33	30.0	28.52	28.12	28.04	27.9
2021-11-16 09:02:34	28.73				1		29.75	29.56	29.4	28.84	27.95	27.84	27.6
2021-11-16 09:02:35	30.58				1		32.7	32.26	32.08	30.13	28.89	28.81	28.65
2021-11-16 09:02:36	31.13				1		32.38	32.32	32.24	30.65	29.57	29.46	29.3
2021-11-16 09:02:37	34.2				1		36.3	35.75	35.52	34.37	31.45	31.31	31.22
2021-11-16 09:02:38	33.17				1		35.78	35.7	35.6	33.32	30.52	30.42	30.25
2021-11-16 09:02:39	29.79				1		32.1	31.8	31.33	29.91	28.6	28.34	28.22
2021-11-16 09:02:40	29.07				1		30.3	30.11	29.98	28.55	28.01	27.91	27.82
2021-11-16 09:02:41	29.23				1		30.4	30.32	30.22	29.5	28.34	28.2	28.0
2021-11-16 09:02:42	27.79				1		28.9	28.56	28.37	27.76	27.33	27.16	27.0
2021-11-16 09:02:43	28.84				1		31.5	31.06	30.5	28.52	27.7	27.56	27.43
2021-11-16 09:02:44	28.28				1		30.5	29.66	29.2	27.51	27.22	27.14	27.02
2021-11-16 09:02:45	28.51				1		30.8	30.5	30.0	28.17	27.14	27.05	26.9
2021-11-16 09:02:46	29.13				1		32.0	31.7	31.4	29.4	27.4	27.23	27.05
2021-11-16 09:02:47	27.85				1		28.76	28.63	28.48	27.74	26.75	26.54	26.42
2021-11-16 09:02:48	28.75				1		29.3	29.11	28.98	28.63	28.24	28.14	28.02
2021-11-16 09:02:49	29.28				1		30.53	30.35	30.24	29.25	28.28	28.15	27.9
2021-11-16 09:02:50	28.33				1		29.33	29.0	28.93	28.52	27.88	27.81	27.65
2021-11-16 09:02:51	28.31				1		29.33	28.86	28.51	28.08	27.73	27.66	27.6
2021-11-16 09:02:52	29.19				1		30.37	30.25	30.05	29.09	28.44	28.4	28.24
2021-11-16 09:02:53	28.89				1		29.76	29.63	29.56	28.89	28.58	28.49	28.41
2021-11-16 09:02:54	29.64				1		30.6	30.36	30.2	29.38	28.9	28.82	28.66
2021-11-16 09:02:55	30.53				1		31.56	31.4	31.28	30.51	29.8	29.65	29.46
2021-11-16 09:02:56	29.43				1		29.97	29.87	29.78	29.51	29.2	29.0	28.84
2021-11-16 09:02:57	29.99				1		30.76	30.6	30.47	29.85	29.23	29.11	29.02
2021-11-16 09:02:58	30.32				1		32.2	31.93	31.53	30.27	28.96	28.8	28.64
2021-11-16 09:02:59	30.54				1		31.58	31.5	31.41	30.36	30.0	29.91	29.82
2021-11-16 09:03:00	29.39				1		30.6	30.48	30.2	29.53	29.0	28.9	28.82
2021-11-16 09:03:01	30.58				1		31.96	31.8	31.65	30.37	28.86	28.81	28.6
2021-11-16 09:03:02	31.35				1		33.6	33.33	32.93	31.26	30.26	29.96	29.83
2021-11-16 09:03:03	30.72				1		32.5	32.28	31.75	30.21	29.62	29.51	29.4
2021-11-16 09:03:04	32.95				1		35.6	35.4	34.6	32.64	31.24	31.1	30.86
2021-11-16 09:03:05	30.47				1		32.1	31.74	31.6	30.63	29.86	29.74	29.62
2021-11-16 09:03:06	30.77				1		31.3	31.16	31.11	30.68	30.25	30.22	30.1
2021-11-16 09:03:07	32.71				1		37.5	36.8	36.0	31.48	30.07	30.01	29.85
2021-11-16 09:03:08	31.15				1		31.9	31.76	31.7	30.87	30.1	29.92	29.82
2021-11-16 09:03:09	32.88				1		33.57	33.47	33.37	32.81	32.0	31.72	31.62
2021-11-16 09:03:10	35.0		1.0		1		37.1	36.85	36.51	33.93	32.6	32.43	32.25
2021-11-16 09:03:11	35.64		1.0		1		38.13	37.9	37.68	35.4	34.15	34.02	33.85
2021-11-16 09:03:12	33.37		1.0		1		34.8	34.2	33.76	33.18	32.5	32.43	32.26
2021-11-16 09:03:13	34.78		1.0		1		36.9	36.33	36.05	34.8	33.77	33.65	33.4
2021-11-16 09:03:14	30.87		1.0		1		33.5	33.0	32.5	31.09	30.34	30.24	30.06
2021-11-16 09:03:15	36.36		1.0		1		40.1	39.6	39.05	36.22	31.83	30.86	30.65
2021-11-16 09:03:16	32.23		1.0		1		34.6	32.26	32.1	31.65	31.38	31.29	31.21
2021-11-16 09:03:17	33.01		1.0		1		34.2	34.0	33.92	33.22	32.42	32.31	32.22
2021-11-16 09:03:18	35.09		1.0		1		38.5	38.25	38.0	34.2	31.7	31.56	31.4
2021-11-16 09:03:19	32.3		1.0		1		36.1	35.6	35.0	31.8	31.07	30.96	30.83
2021-11-16 09:03:20	31.01		1.0		1		32.55	32.2	32.03	30.6	30.06	30.0	29.7
2021-11-16 09:03:21	32.61		1.0		1		35.4	34.8	33.9	32.2	31.55	31.44	31.2
2021-11-16 09:03:22	29.89		1.0		1		32.3	31.9	31.2	29.83	29.32	29.24	29.1
2021-11-16 09:03:23	32.2				1		34.7	34.26	33.85	32.28	29.46	29.34	29.22
2021-11-16 09:03:24	38.62				1		41.8	41.5	40.9	38.24	32.8	32.5	32.05
2021-11-16 09:03:25	31.43				1		36.2	35.6	34.8	31.68	30.88	30.74	30.62
2021-11-16 09:03:26	31.11				1		34.3	33.8	31.28	30.2	29.4	29.05	28.85
2021-11-16 09:03:27	31.34				1		34.9	34.6	34.2	31.4	29.2	29.0	28.84
2021-11-16 09:03:28	27.72				1		28.8	28.56	28.48	27.86	27.16	27.06	26.9
2021-11-16 09:03:29	27.91				1		28.97	28.85	28.6	27.76	27.48	27.42	27.26
2021-11-16 09:03:30	28.09				1		29.3	29.05	28.73	27.96	27.53	27.42	27.25
2021-11-16 09:03:31	28.73				1		30.7	30.26	29.8	28.3	27.7	27.65	27.61
2021-11-16 09:03:32	30.17				1		32.8	32.5	32.2	29.9	28.35	28.26	28.2
2021-11-16 09:03:33	32.43				1		34.4	34.1	33.84	31.65	28.32	28.26	28.21
2021-11-16 09:03:34	32.05				1		34.17	34.05	33.9	32.44	30.91	30.83	30.66
2021-11-16 09:03:35	28.84				1		31.13	30.9	30.68	28.8	27.9	27.83	27.66
2021-11-16 09:03:36	28.35				1		29.33	29.06	28.91	28.25	27.85	27.82	27.8
2021-11-16 09:03:37	28.0				1		28.95	28.7	28.54	27.91	27.56	27.48	27.41
2021-11-16 09:03:38	29.42				1		30.8	30.6	30.31	28.81	28.24	28.2	28.0
2021-11-16 09:03:39	31.06				1		33.2	32.86	32.45	30.92	29.52	29.33	29.2
2021-11-16 09:03:40	29.02				1		30.9	30.56	30.4	29.5	28.16	28.06	27.9
2021-11-16 09:03:41	30.05				1		31.6	31.26	30.86	30.16	28.3	28.24	28.1
2021-11-16 09:03:42	29.27				1		31.13	30.6	30.0	29.08	28.42	28.34	28.22
2021-11-16 09:03:43	28.84				1		30.3	29.7	29.48	28.68	28.12	27.75	27.5
2021-11-16 09:03:44	29.13				1		31.73	31.4	30.86	29.08	27.94	27.85	27.7
2021-11-16 09:03:45	28.6				1		29.93	28.78	28.73	28.35	27.84	27.72	27.62
2021-11-16 09:03:46	30.12				1		31.17	31.07	30.96	30.29	29.05	28.7	28.46
2021-11-16 09:03:47	29.16				1		30.55	30.36	30.16	28.84	28.2	28.05	27.86
2021-11-16 09:03:48	28.22				1		29.95	29.7	29.15	28.3	28.02	28.0	27.84
2021-11-16 09:03:49	29.25				1		30.3	30.0	29.55	29.0	28.44	28.36	28.2
2021-11-16 09:03:50	29.66				1		31.53	31.2	30.88	30.03	28.55	28.44	28.26
2021-11-16 09:03:51	28.3				1		29.35	29.18	29.12	28.4	27.52	27.43	27.26
2021-11-16 09:03:52	28.38				1		28.78	28.72	28.64	28.34	27.68	27.61	27.45
2021-11-16 09:03:53	30.93				1		32.8	32.4	32.23	31.1	28.92	28.83	28.66
2021-11-16 09:03:54	30.83				1		31.7	31.45	31.2	30.69	29.8	29.08	28.86
2021-11-16 09:03:55	30.9				1		31.8	31.4	31.32	30.7	30.24	30.16	30.0
2021-11-16 09:03:56	32.61				1		33.6	33.26	33.14	32.36	31.62	31.44	31.25
2021-11-16 09:03:57	34.09				1		35.3	35.14	35.04	33.92	32.84	32.71	32.62
2021-11-16 09:03:58	32.01				1		34.0	33.84	33.6	32.13	31.28	31.2	31.04
2021-11-16 09:03:59	33.13				1		35.3	34.9	34.6	32.94	31.21	31.06	30.8
2021-11-16 09:04:00	33.81				1		34.17	34.08	33.99	33.74	33.41	32.93	32.66
2021-11-16 09:04:01	33.36		1.0		1		34.7	34.51	34.39	33.73	32.25	32.12	32.02
2021-11-16 09:04:02	33.31		1.0		1		34.33	34.12	33.96	33.36	32.02	31.9	31.8
2021-11-16 09:04:03	33.67		1.0		1		34.96	34.83	34.66	33.5	32.46	32.34	32.22
2021-11-16 09:04:04	31.92		1.0		1		33.2	32.95	32.82	32.08	31.0	30.9	30.82
2021-11-16 09:04:05	33.52		1.0		1		34.4	34.26	34.15	33.5	32.66	32.54	32.42
2021-11-16 09:04:06	31.23		1.0		1		32.97	32.85	32.53	30.73	30.45	30.42	30.4
2021-11-16 09:04:07	33.07		1.0		1		34.1	33.85	33.53	33.02	32.08	31.96	31.83
2021-11-16 09:04:08	33.29		1.0		1		33.97	33.85	33.74	33.27	33.05	33.02	33.0
2021-11-16 09:04:09	34.46		1.0		1		36.0	35.6	35.24	34.08	33.25	33.2	33.04
2021-11-16 09:04:10	34.6		1.0		1		36.3	35.9	35.6	34.37	33.69	33.62	33.46
2021-11-16 09:04:11	36.7		1.0		1		37.5	37.36	37.31	36.68	35.18	35.08	35.0
2021-11-16 09:04:12	37.49		1.0		1		38.2	38.14	38.07	37.41	36.6	36.36	36.2
2021-11-16 09:04:13	37.09		1.0		1		38.15	37.93	37.65	37.3	36.69	36.61	36.45
2021-11-16 09:04:14	36.47		1.0		1		36.96	36.8	36.77	36.51	36.25	36.22	36.2
2021-11-16 09:04:15	36.95		1.0		1		37.95	37.78	37.71	36.86	36.17	36.06	35.9
2021-11-16 09:04:16	35.41		1.0		1		36.5	36.25	36.11	35.62	34.96	34.86	34.7
2021-11-16 09:04:17	35.77		1.0		1		36.95	36.77	36.62	35.68	35.05	34.96	34.83
2021-11-16 09:04:18	35.34		1.0		1		35.95	35.76	35.6	35.25	34.96	34.76	34.63
2021-11-16 09:04:19	33.95		1.0		1		35.6	35.32	35.14	34.1	33.28	33.16	33.03
2021-11-16 09:04:20	33.14		1.0		1		34.7	34.48	34.32	33.48	32.25	32.2	31.9
2021-11-16 09:04:21	31.7		1.0		1		32.57	32.45	32.36	31.74	31.16	30.96	30.83
2021-11-16 09:04:22	32.62		1.0		1		33.38	33.32	33.25	32.55	31.6	31.5	31.42
2021-11-16 09:04:23	32.64		1.0		1		33.4	33.26	33.16	32.56	32.1	32.01	31.85
2021-11-16 09:04:24	33.19		1.0		1		34.93	34.66	34.3	32.83	31.98	31.88	31.8
2021-11-16 09:04:25	31.94		1.0		1		33.6	33.4	33.2	31.83	31.3	31.16	31.03
2021-11-16 09:04:26	33.68				1		36.6	36.3	36.06	32.28	31.68	31.56	31.43
2021-11-16 09:04:27	32.96				1		35.57	35.45	35.35	32.8	31.1	31.03	30.86
2021-11-16 09:04:28	30.0				1		31.2	31.06	30.88	29.96	29.6	29.48	29.4
2021-11-16 09:04:29	30.83				1		33.8	33.6	32.6	29.76	28.88	28.8	28.64
2021-11-16 09:04:30	31.3				1		33.33	33.15	33.04	31.8	29.6	29.35	29.1
2021-11-16 09:04:31	29.52				1		30.76	30.6	30.52	29.5	29.21	29.14	29.02
2021-11-16 09:04:32	30.09				1		32.1	31.85	31.53	29.53	28.9	28.7	28.46
2021-11-16 09:04:33	30.7				1		32.1	31.7	31.51	30.6	29.75	29.54	29.42
2021-11-16 09:04:34	32.87				1		34.6	34.4	33.73	31.83	31.33	31.25	31.0
2021-11-16 09:04:35	32.51				1		36.0	35.6	35.25	31.75	31.02	30.85	30.5
2021-11-16 09:04:36	31.95				1		35.13	34.8	33.9	31.5	30.0	29.72	29.5
2021-11-16 09:04:37	31.6				1		33.4	33.0	32.76	31.51	30.78	30.69	30.61
2021-11-16 09:04:38	30.45				1		31.4	31.06	30.92	30.45	29.84	29.75	29.5
2021-11-16 09:04:39	31.37				1		34.1	33.7	33.1	31.17	29.97	29.82	29.65
2021-11-16 09:04:40	31.25				1		32.7	32.4	32.05	30.98	30.29	30.2	30.04
2021-11-16 09:04:41	30.02				1		31.15	30.93	30.68	30.18	29.88	29.81	29.6
2021-11-16 09:04:42	31.53				1		34.6	34.2	33.5	31.2	29.62	29.52	29.42
2021-11-16 09:04:43	31.03				1		34.0	33.4	32.9	29.93	29.52	29.45	29.4
2021-11-16 09:04:44	31.92				1		32.7	32.48	32.28	31.82	31.43	31.35	30.9
2021-11-16 09:04:45	31.82				1		32.33	32.16	32.08	31.85	31.55	31.47	31.41
2021-11-16 09:04:46	32.37				1		32.95	32.77	32.62	32.31	31.94	31.87	31.81
2021-11-16 09:04:47	32.22				1		33.2	32.96	32.8	32.23	31.78	31.69	31.61
2021-11-16 09:04:48	31.66				1		32.33	32.16	32.07	31.66	31.31	31.16	31.03
2021-11-16 09:04:49	31.68				1		32.2	32.13	32.05	31.7	31.32	31.24	31.1
2021-11-16 09:04:50	42.37			1.0	1		47.0	46.6	46.0	41.2	32.23	32.13	31.8
2021-11-16 09:04:51	41.1			1.0	1		48.7	38.7	38.0	33.68	32.85	32.8	32.5
2021-11-16 09:04:52	47.79			1.0	1		52.3	51.4	50.7	47.1	37.6	36.8	36.0
2021-11-16 09:04:53	47.79			1.0	1		53.2	50.8	50.45	45.4	35.7	35.0	34.5
2021-11-16 09:04:54	34.38			1.0	1		52.4	51.2	49.4	37.4	33.1	32.9	32.7
2021-11-16 09:04:55	45.71			1.0	1		51.2	50.6	49.8	43.2	33.6	32.71	32.6
2021-11-16 09:04:56	31.41			1.0	1		33.2	32.75	32.4	31.75	30.95	30.7	30.46
2021-11-16 09:04:57	31.27			1.0	1		31.96	31.83	31.74	31.2	30.83	30.74	30.62
2021-11-16 09:04:58	31.07			1.0	1		31.76	31.6	31.55	31.1	30.34	30.25	30.1
2021-11-16 09:04:59	47.83			1.0	1		53.7	52.8	51.9	45.4	30.86	30.76	30.63
2021-11-16 09:05:00	30.99			1.0	1		39.8	38.6	37.2	31.67	31.11	30.93	30.66
2021-11-16 09:05:01	32.77			1.0	1		34.16	34.03	33.8	32.58	31.52	31.44	31.3
2021-11-16 09:05:02	33.25			1.0	1		34.7	34.2	33.88	32.87	32.47	32.42	32.26
2021-11-16 09:05:03	32.33			1.0	1		33.4	33.2	33.15	32.82	31.55	31.44	31.26
2021-11-16 09:05:04	31.1			1.0	1		32.8	32.45	32.0	30.94	30.2	30.07	29.9
2021-11-16 09:05:05	45.0			1.0	1		52.6	51.6	50.2	32.06	31.4	31.16	31.0
2021-11-16 09:05:06	32.74			1.0	1		45.0	43.6	42.0	33.7	33.02	32.94	32.82
2021-11-16 09:05:07	33.22			1.0	1		34.35	34.16	34.0	32.98	32.41	32.31	32.22
2021-11-16 09:05:08	33.79				1		34.98	34.9	34.8	33.87	32.65	32.52	32.42
2021-11-16 09:05:09	33.68				1		35.0	34.8	34.33	33.11	32.66	32.61	32.45
2021-11-16 09:05:10	34.27				1		35.37	35.27	35.15	34.44	33.8	33.6	33.3
2021-11-16 09:05:11	33.91				1		34.53	34.35	34.22	33.84	33.6	33.51	33.42
2021-11-16 09:05:12	33.67				1		34.33	34.16	34.08	33.67	33.25	33.14	33.02
2021-11-16 09:05:13	35.12				1		35.95	35.77	35.65	35.09	34.36	34.2	34.0
2021-11-16 09:05:14	34.88				1		38.2	37.8	37.15	34.15	33.47	33.36	33.23
2021-11-16 09:05:15	33.38				1		34.13	33.95	33.84	33.28	32.8	32.7	32.62
2021-11-16 09:05:16	33.63				1		34.9	34.57	34.45	33.43	33.08	33.03	33.0
2021-11-16 09:05:17	34.59				1		36.6	36.25	36.06	34.33	33.15	33.06	33.0
2021-11-16 09:05:18	33.8				1		34.56	34.43	34.31	33.8	33.15	33.07	33.01
2021-11-16 09:05:19	34.37		1.0		1		35.36	35.2	35.1	34.2	33.63	33.48	33.26
2021-11-16 09:05:20	35.26		1.0		1		35.73	35.57	35.51	35.17	34.88	34.81	34.65
2021-11-16 09:05:21	35.02		1.0		1		36.2	35.95	35.7	34.86	34.2	34.11	34.02
2021-11-16 09:05:22	36.54		1.0		1		37.18	37.12	37.05	36.44	35.76	35.68	35.61
2021-11-16 09:05:23	37.96		1.0		1		38.96	38.83	38.6	37.6	37.16	37.06	36.9
2021-11-16 09:05:24	39.38		1.0		1		39.9	39.77	39.73	39.32	38.15	38.07	38.01
2021-11-16 09:05:25	39.79		1.0		1		40.6	40.31	40.13	39.62	39.4	39.3	39.22
2021-11-16 09:05:26	39.75		1.0		1		40.6	40.52	40.42	39.86	39.28	39.12	39.02
2021-11-16 09:05:27	39.77		1.0		1		40.5	40.33	40.22	39.76	39.4	39.28	39.2
2021-11-16 09:05:28	40.18		1.0		1		40.59	40.55	40.51	40.23	39.55	39.46	39.4
2021-11-16 09:05:29	40.01		1.0		1		40.97	40.88	40.76	39.91	39.4	39.28	39.2
2021-11-16 09:05:30	39.29		1.0		1		40.13	39.93	39.76	39.17	38.87	38.82	38.66
2021-11-16 09:05:31	40.35		1.0		1		40.76	40.6	40.57	40.38	40.02	39.88	39.7
2021-11-16 09:05:32	40.02		1.0		1		40.4	40.33	40.25	40.0	39.82	39.8	39.65
2021-11-16 09:05:33	39.87		1.0		1		41.13	40.86	40.56	39.8	39.37	39.22	39.05
2021-11-16 09:05:34	38.83		1.0		1		41.37	41.27	41.13	38.72	36.96	36.76	36.6
2021-11-16 09:05:35	37.06		1.0		1		37.57	37.45	37.37	37.01	36.64	36.56	36.43
2021-11-16 09:05:36	37.0		1.0		1		38.5	38.25	38.11	36.61	36.1	35.92	35.82
2021-11-16 09:05:37	36.29		1.0		1		37.5	37.28	36.96	36.41	36.11	36.05	36.0
2021-11-16 09:05:38	35.45		1.0		1		35.98	35.94	35.88	35.53	35.22	35.14	35.02
2021-11-16 09:05:39	36.01		1.0		1		36.55	36.38	36.32	35.92	35.48	35.4	35.24
2021-11-16 09:05:40	36.56		1.0		1		38.2	38.0	37.73	36.3	35.81	35.66	35.46
2021-11-16 09:05:41	36.77		1.0		1		37.38	37.3	37.21	36.58	36.24	36.21	36.06
2021-11-16 09:05:42	37.16		1.0		1		38.5	38.16	37.93	37.28	36.36	36.2	35.8
2021-11-16 09:05:43	34.34				1		35.96	35.8	35.6	34.36	33.87	33.81	33.65
2021-11-16 09:05:44	34.2				1		35.5	35.2	34.98	34.16	33.66	33.5	33.3
2021-11-16 09:05:45	34.61				1		36.13	35.8	35.57	34.24	33.27	33.21	33.0
2021-11-16 09:05:46	34.39				1		35.37	35.27	35.14	34.39	34.01	33.92	33.82
2021-11-16 09:05:47	33.15				1		34.36	34.2	33.97	33.13	32.44	32.36	32.23
2021-11-16 09:05:48	33.49				1		34.8	34.66	34.51	33.14	32.65	32.51	32.4
2021-11-16 09:05:49	34.43				1		35.4	35.18	35.09	34.5	34.01	33.88	33.7
2021-11-16 09:05:50	34.15				1		35.17	35.05	34.77	34.1	33.56	33.48	33.41
2021-11-16 09:05:51	33.08				1		34.0	33.92	33.82	33.44	32.3	32.04	31.85
2021-11-16 09:05:52	34.7				1		35.53	35.37	35.32	34.63	33.13	32.8	31.9
2021-11-16 09:05:53	34.95				1		36.1	35.85	35.72	34.98	34.08	33.9	33.65
2021-11-16 09:05:54	33.05				1		34.93	34.6	34.36	33.13	32.4	31.73	31.46
2021-11-16 09:05:55	31.3				1		31.96	31.83	31.75	31.23	30.85	30.76	30.63
2021-11-16 09:05:56	33.6				1		35.3	34.9	34.56	33.28	32.61	32.48	32.2
2021-11-16 09:05:57	33.9				1		35.7	35.48	35.0	33.64	32.76	32.66	32.5
2021-11-16 09:05:58	32.89				1		35.1	34.7	34.0	32.77	31.9	31.68	31.46
2021-11-16 09:05:59	34.25				1		37.15	36.9	36.6	33.6	32.5	32.16	32.0
2021-11-16 09:06:00	32.96		1.0		1		34.0	33.84	33.73	32.48	31.46	31.3	31.0
2021-11-16 09:06:01	35.52		1.0		1		37.7	37.45	37.0	34.92	34.3	34.0	33.8
2021-11-16 09:06:02	35.55		1.0		1		36.9	36.56	36.37	35.61	34.05	33.88	33.7
2021-11-16 09:06:03	35.85		1.0		1		36.9	36.58	36.49	36.0	35.15	34.94	34.82
2021-11-16 09:06:04	35.43		1.0		1		36.5	36.32	36.2	35.29	34.17	34.05	33.86
2021-11-16 09:06:05	34.47		1.0		1		35.93	35.6	35.13	34.65	34.12	34.02	33.85
2021-11-16 09:06:06	36.41		1.0		1		39.2	38.4	37.8	35.94	35.0	34.83	34.46
2021-11-16 09:06:07	36.25		1.0		1	SR1.wav	37.75	37.5	37.18	36.2	35.28	35.2	35.04
